Searching 15 files for "adapter-vercel/index.js" (case sensitive)

0 matches

Searching 17 files for "20.12.2" (case sensitive)

0 matches

Searching 17 files for "20.12" (case sensitive)

/Users/marakhov/Downloads/supercontinental-landing-page-main 2/hgtest/src/components/Logo.svelte:
   27  		fill-rule="evenodd"
   28  		clip-rule="evenodd"
   29: 		d="M109.802 73.9406C108.318 74.5735 107.308 75.9658 107.245 77.5796C107.118 80.0161 106.866 82.2945 104.625 84.1931C103.015 85.5854 101.973 85.9018 100.142 85.174C99.4294 84.8839 98.5914 84.8928 97.8159 84.9011C97.4919 84.9045 97.1788 84.9079 96.8904 84.8892C97.6269 85.1845 98.3916 85.4799 99.1562 85.7752C99.5385 85.9229 99.9209 86.0706 100.3 86.2182C100.994 86.4714 101.531 86.8828 101.373 87.6739C101.215 88.5187 100.639 88.3943 100.086 88.2748L100.086 88.2748L100.086 88.2747C99.9764 88.251 99.8676 88.2275 99.7631 88.2118C99.6274 88.1932 99.4917 88.1749 99.3561 88.1566C96.7151 87.8 94.0992 87.4468 91.9973 85.4904C91.9404 85.4397 91.8796 85.3686 91.8145 85.2924C91.555 84.9887 91.2268 84.6047 90.7978 85.1107C90.419 85.5854 90.6715 85.9967 91.2081 86.3132C92.8497 87.1992 92.0289 88.2751 91.0819 88.7181C89.6274 89.391 89.8334 90.1633 90.1189 91.2331C90.1556 91.3707 90.1936 91.5131 90.2295 91.6609C90.2472 91.7368 90.2657 91.8152 90.2848 91.8958C90.6079 93.2592 91.0727 95.2209 89.3141 95.4898C87.7743 95.747 87.2648 96.5206 86.6456 97.4607C86.5792 97.5614 86.5116 97.664 86.4414 97.7681C86.1257 98.2111 85.3681 99.1604 84.9893 98.0212C84.5146 96.5688 83.5259 96.5433 82.5238 96.5174C82.2597 96.5106 81.9946 96.5037 81.7378 96.4707C80.9486 96.3758 80.2225 96.2176 80.0963 95.2683C79.9822 94.5253 80.5376 94.1952 81.0648 93.8818L81.0651 93.8816L81.0655 93.8814C81.1218 93.8479 81.1779 93.8146 81.2327 93.781C82.085 93.2431 83.0005 92.9267 84.0422 92.8001C86.473 92.4836 90.924 88.7814 88.809 88.6864C88.4989 88.6864 89.3398 87.2882 89.8506 86.439C90.1197 85.9916 90.2971 85.6966 90.1664 85.8385C89.9654 86.0597 89.7529 86.3366 89.5222 86.6373C88.2673 88.2728 86.4718 90.613 83.0321 88.5282C82.5565 88.236 81.6113 88.5716 80.9028 88.8231C80.1535 89.0891 79.669 89.2611 80.2857 88.4966C80.9479 87.6635 79.7459 86.8197 78.6572 86.0555C77.0994 84.962 75.7738 84.0315 80.4751 83.5286L79.9068 83.5602C78.7217 83.6196 77.7034 83.01 76.7476 82.4378C76.685 82.4003 76.6227 82.363 76.5606 82.3261C74.9863 81.3693 73.4461 79.7197 71.9495 78.1167L71.9494 78.1166C69.6348 75.6376 67.4246 73.2703 65.354 73.7507C65.116 73.8073 64.8534 73.8681 64.5746 73.9326C61.2666 74.6982 55.6802 75.991 61.8816 77.0416C63.164 77.2537 62.7299 77.3658 61.7018 77.6314C60.275 78 57.7041 78.6641 56.9886 80.3009C56.292 81.9084 57.4656 82.9993 58.6584 84.108C59.7901 85.16 60.9391 86.2281 60.5242 87.7688C59.9244 89.9522 61.4396 87.8004 61.7553 86.8828C62.071 85.9651 63.0496 85.4272 63.9651 85.712C65.127 86.0517 66.2332 86.5774 67.3406 87.1037C67.6774 87.2638 68.0144 87.4239 68.353 87.5789C68.9844 87.8637 69.4579 88.4333 69.1422 89.1927C68.8265 90.0155 68.1005 90.0471 67.4691 89.7939C63.5231 88.2751 59.8928 89.6357 56.6413 91.566C54.0843 93.0532 51.9377 92.5469 49.6648 91.5976C49.5292 91.5448 49.4008 91.4721 49.2792 91.4033C48.8911 91.1836 48.5718 91.0029 48.3074 91.6293C47.7107 93.0145 47.0514 92.1133 46.7028 91.6366L46.6974 91.6293C45.1684 89.2938 42.9863 87.7438 40.7966 86.1885C40.1383 85.7209 39.4792 85.2528 38.837 84.7627C38.7519 84.6987 38.6699 84.6203 38.5876 84.5415C38.3036 84.2698 38.0148 83.9936 37.5743 84.288C37.1008 84.6044 37.1323 85.174 37.227 85.6803C37.24 85.7583 37.2524 85.8381 37.2649 85.9187C37.3438 86.4271 37.4281 86.9707 37.7006 87.3258C39.3421 89.3509 39.058 91.4078 38.2057 93.6228C37.8732 94.4945 37.7065 95.4285 37.5376 96.3743L37.5373 96.3758L37.5373 96.376C37.4979 96.597 37.4583 96.8187 37.4165 97.0403C37.0061 99.3503 35.0489 100.11 32.8075 99.73C32.1105 99.606 31.5095 99.1248 30.9105 98.6452C29.8277 97.7782 28.7513 96.9163 27.1253 98.1795C27.0088 98.267 26.5161 97.8698 26.1927 97.609L26.1152 97.5466C25.4988 97.0362 24.8825 96.5031 24.1503 95.8697L24.1499 95.8693L24.1497 95.8691L23.7476 95.5214C23.6213 95.3949 23.4003 95.5531 23.4634 95.7113C23.937 97.0719 23.0846 97.2302 21.9482 97.0719C21.6007 97.0184 21.2589 96.9194 20.9179 96.8207L20.9179 96.8207L20.9179 96.8207C20.4535 96.6862 19.9907 96.5523 19.5175 96.534C19.292 96.5242 19.0513 96.4167 18.8105 96.3092C18.2759 96.0705 17.7408 95.8316 17.3708 96.6606C17.3343 96.7387 17.297 96.8169 17.2597 96.8951L17.2596 96.8952C16.813 97.831 16.3584 98.7835 17.0867 99.9515C17.7935 101.04 18.8031 101.399 19.8573 101.775C20.1214 101.869 20.3883 101.964 20.6539 102.072C20.8492 102.151 21.061 102.219 21.2759 102.288L21.2759 102.288L21.2759 102.288C22.1725 102.574 23.1223 102.878 23.1478 104.128C23.1793 105.552 22.4533 106.375 21.1906 107.261C19.0439 108.748 16.992 110.615 17.2446 113.748C17.4971 116.912 19.3281 118.621 22.2007 119.444C22.328 119.479 22.4649 119.506 22.6035 119.534L22.6035 119.534C23.2211 119.657 23.8738 119.788 23.8738 120.615C23.8476 121.826 24.2146 121.701 24.866 121.479L24.866 121.479L24.8662 121.479C24.9976 121.434 25.1407 121.385 25.2944 121.342C26.052 121.121 27.3779 120.899 27.662 122.039C27.8829 122.925 27.5357 124.57 26.7465 124.665C26.4426 124.705 26.1367 124.75 25.8296 124.795L25.8291 124.795C23.68 125.111 21.4705 125.436 19.4543 123.969C19.3336 123.878 19.2257 123.752 19.1174 123.625C18.8857 123.355 18.652 123.081 18.2863 123.146C17.8759 123.209 17.6234 123.684 17.7812 124.064C17.9522 124.607 18.4833 124.788 18.9798 124.958L18.9799 124.958L18.9799 124.958C19.0334 124.976 19.0865 124.995 19.1386 125.013C19.3256 125.088 19.5237 125.13 19.7197 125.171C19.8546 125.199 19.9885 125.228 20.1173 125.266C22.106 125.804 22.9268 128.462 21.5378 130.044C21.446 130.152 21.3487 130.25 21.253 130.346C20.9536 130.648 20.6702 130.933 20.6223 131.437C20.3067 134.918 24.8209 138.303 28.0724 137.101C28.1722 137.063 28.2748 137.023 28.3795 136.982C29.3343 136.607 30.4642 136.163 31.2607 137.133C32.555 138.683 31.7342 141.373 29.9033 142.354C29.5449 142.546 29.1096 142.751 28.6634 142.962L28.663 142.962C27.4193 143.549 26.0919 144.175 26.1152 144.664C26.2687 146.726 25.4665 147.112 23.9121 147.859L23.7791 147.923C23.5307 148.04 23.311 148.148 23.1158 148.245C21.6739 148.956 21.5685 149.008 21.0959 146.974C20.6223 144.948 19.549 143.999 17.5602 143.746C16.9818 143.682 16.4034 143.544 15.7263 143.384C15.4057 143.308 15.0629 143.226 14.6876 143.145C14.5297 143.113 14.4035 143.271 14.4982 143.43C14.6702 143.682 14.8278 143.932 14.9805 144.174C15.6121 145.176 16.1575 146.041 17.2761 146.372C17.502 146.436 17.7499 146.482 18.0012 146.529C18.874 146.692 19.7878 146.863 19.9594 147.796C20.1285 148.789 19.3369 149.318 18.5599 149.838L18.5598 149.838C18.3211 149.998 18.0837 150.157 17.8759 150.328C17.5602 150.581 17.0236 151.087 17.0867 151.151C17.2599 151.405 16.994 151.723 16.7228 152.048C16.2526 152.61 15.7667 153.191 17.5287 153.492C18.6336 153.682 18.1285 154.885 17.213 155.549C16.8638 155.801 15.1919 156.103 13.8684 156.341C12.2007 156.642 11.086 156.843 13.8668 156.72C14.0036 156.72 14.1502 156.774 14.2911 156.826C14.508 156.906 14.7115 156.981 14.8454 156.846C14.9919 156.7 14.9581 156.775 14.9278 156.843C14.9124 156.877 14.8979 156.91 14.9086 156.91C17.5255 155.459 19.8122 154.927 21.9698 154.424C24.2369 153.896 26.3616 153.402 28.5775 151.91C31.2665 150.092 34.4749 149.025 37.6858 147.958L37.6858 147.958L37.6859 147.958C39.2245 147.447 40.7636 146.935 42.2463 146.341C42.7831 146.124 43.3422 145.963 43.9013 145.802C45.2164 145.424 46.5308 145.046 47.5497 143.936L47.6272 143.852C49.4335 141.884 51.2886 139.863 54.4631 140.518C54.9682 140.613 55.7574 140.455 56.1047 140.107C57.4696 138.77 59.1854 138.074 60.8917 137.382C62.6187 136.682 64.3359 135.986 65.6697 134.633C65.7329 134.569 65.8591 134.569 65.9223 134.633C66.302 135.063 66.1205 135.441 65.9422 135.813C65.7796 136.152 65.6196 136.485 65.8907 136.848C65.9223 136.911 66.017 136.911 66.0801 136.911C70.3733 136.152 73.6248 133.399 76.245 130.298C76.736 129.721 77.1085 129.013 77.4873 128.294C77.9609 127.394 78.4441 126.476 79.1808 125.773C79.6227 125.361 79.3386 124.602 78.7388 124.602C78.6441 124.602 78.5494 124.602 78.4863 124.57C77.5708 124.349 77.0342 123.304 77.5393 122.766C77.7215 122.564 77.9068 122.4 78.0621 122.263C78.4178 121.948 78.6169 121.772 78.2653 121.596C76.1818 120.488 78.9282 121.532 78.8335 121.912C78.6534 122.523 79.2031 122.531 79.8392 122.54C80.6524 122.551 81.6069 122.564 81.359 123.842C81.301 124.162 81.6027 124.088 82.0346 123.982C82.543 123.857 83.2316 123.687 83.7266 124.064C85.084 125.045 83.6634 123.241 82.7164 123.146C82.2744 123.115 80.3804 122.482 81.4537 121.817C81.5379 121.764 81.4957 121.683 81.4548 121.605C81.373 121.448 81.2961 121.3 82.2429 121.406C84.7536 121.675 86.548 119.887 88.293 118.147L88.2931 118.147C89.0053 117.437 89.7094 116.735 90.4505 116.185C92.1552 114.919 93.8914 113.147 94.8385 110.71C95.6592 108.559 101.278 108.305 99.0686 110.71C98.8007 111.019 98.2202 111.14 97.672 111.254C96.9282 111.409 96.2437 111.551 96.48 112.134C96.8588 113.052 98.3425 112.672 98.1847 112.229C97.7099 110.869 99.0324 111.035 100.471 111.216C101.041 111.287 101.629 111.361 102.131 111.343C104.246 111.28 105.635 110.267 107.118 108.97C108.829 107.442 109.404 105.377 109.978 103.312C110.475 101.528 110.972 99.7435 112.201 98.306C112.58 97.863 111.948 97.072 111.317 96.6922C110.622 96.2809 109.991 96.3758 109.612 97.1036C108.823 98.6541 107.813 98.2428 106.771 97.4517C105.887 96.7555 104.972 96.5973 104.688 97.863C104.467 98.7807 104.372 100.331 104.845 100.679C106.519 101.835 106.054 103.04 105.598 104.223C105.417 104.692 105.238 105.158 105.193 105.616C105.098 106.692 104.309 107.451 103.362 107.166C102.454 106.902 102.85 106.038 103.139 105.409C103.162 105.36 103.184 105.313 103.204 105.268C103.52 104.571 103.583 104.034 102.92 103.496C102.257 102.989 101.689 103.242 101.089 103.622C100.895 103.744 100.701 103.861 100.508 103.977C100.2 104.162 99.8967 104.345 99.6052 104.54C99.5724 104.563 99.5391 104.586 99.5055 104.61L99.5052 104.61C99.1192 104.884 98.6884 105.19 98.3109 104.666C97.9637 104.192 98.09 103.053 98.2478 103.053C99.5762 103.124 99.6326 102.278 99.6882 101.444C99.7317 100.792 99.7747 100.146 100.426 99.9515C100.521 99.9199 100.584 99.8249 100.552 99.73C100.061 97.2476 101.636 96.4722 103.193 95.7059C103.839 95.3879 104.481 95.0715 104.972 94.6354C105.761 93.9393 106.582 93.876 107.371 94.5405C107.529 94.667 107.75 94.5088 107.655 94.319L107.597 94.228C107.241 93.6662 106.934 93.1841 107.623 92.6735C108.38 92.116 108.65 91.37 108.921 90.6236C109.034 90.3108 109.147 89.998 109.297 89.699C109.545 89.218 109.752 88.7119 109.958 88.2048L109.958 88.2046L109.959 88.2045C110.486 86.9101 111.017 85.6087 112.264 84.6994C112.39 84.6044 112.327 84.4146 112.201 84.3829C110.749 84.0665 109.675 83.4969 109.486 81.9147C109.309 80.4352 110.374 80.0348 111.391 79.6527C111.461 79.6262 111.531 79.5998 111.601 79.5731C114 78.5922 114.126 78.1492 112.643 74.9215C111.885 73.2128 110.812 73.5292 109.802 73.9406ZM77.3198 102.966L77.3814 102.926C79.307 101.597 79.1176 99.3503 77.0026 98.2428C76.7149 98.0816 76.4113 97.9523 76.1094 97.8237C75.2853 97.4726 74.4742 97.1271 74.0352 96.1543C73.2763 94.4503 71.9336 94.8238 70.7088 95.1645L70.5627 95.2051L70.5311 95.2367C70.4374 95.2965 70.338 95.3557 70.2376 95.4154C69.5945 95.7982 68.916 96.2021 69.4894 96.9138C69.7912 97.2899 70.0403 97.7315 70.2907 98.1753C71.0092 99.449 71.7377 100.741 73.7511 100.553C74.5087 100.489 75.6452 100.426 75.2348 101.819C75.0454 102.451 74.9507 102.989 75.5504 103.337C76.1882 103.703 76.7967 103.307 77.3198 102.966ZM11.6245 114.153C11.5452 114.155 11.4616 114.156 11.3729 114.159C10.7067 114.171 10.8012 113.914 10.9309 113.562C11.1577 112.946 11.4923 112.036 8.0583 111.755C7.04812 111.691 8.05828 110.457 8.97375 109.888C9.24608 109.717 9.6122 109.503 10.0192 109.266C11.8767 108.183 14.5851 106.603 13.1092 106.343C10.3943 105.869 14.8138 105.394 14.3719 105.964C13.9615 106.502 13.1723 107.799 13.8352 107.894C14.1509 107.926 14.435 108.179 14.435 108.495C14.4666 109.856 14.1193 111.533 13.2354 113.21C12.749 114.128 12.3922 114.136 11.6245 114.153ZM10.5206 116.153C9.54204 115.488 9.00539 116.786 9.22637 117.387C9.44734 117.956 9.85771 118.431 10.2997 118.463C10.3542 118.244 10.4875 117.999 10.623 117.749C10.9579 117.133 11.3071 116.491 10.5206 116.153ZM13.1408 121.374C13.6775 123.304 15.098 123.779 16.7396 122.576C17.7497 121.848 18.5705 122.102 19.1703 122.829C19.8332 123.652 20.8749 124.064 22.3902 124.317C19.9777 123.619 19.799 122.822 19.6157 122.005C19.5663 121.785 19.5166 121.564 19.4228 121.342C18.1917 118.494 13.1093 115.9 10.9626 118.115C10.7417 118.336 10.5523 118.399 10.3313 118.399C10.2681 118.684 10.3313 118.937 10.7732 119.064C11.8781 119.38 12.762 120.045 13.1408 121.374ZM0.0400704 104.033C-0.0862012 103.843 0.134782 103.622 0.324189 103.748C2.75492 105.584 5.05936 107.514 6.44835 110.33C6.70089 110.868 6.92187 111.501 6.44835 111.944C5.94371 112.423 5.55081 112.051 5.19443 111.714C5.12724 111.65 5.06134 111.588 4.99623 111.533C4.85097 111.399 4.69287 111.265 4.53198 111.128C3.81877 110.524 3.05065 109.873 3.10216 108.97C3.18391 107.023 2.57767 106.51 1.68601 105.754C1.20035 105.342 0.630025 104.859 0.0400704 104.033Z"
   30  		fill="var(--secondary)"
   31  	/>

2 matches in 1 file


Searching 17 files for "Node.js" (case sensitive)

0 matches

Searching 18 files for "Marat Ibragimov" (case sensitive)

/Users/marakhov/Downloads/supercontinental-landing-page-main 2/hgtest/src/routes/+page.svelte:
   40  		},
   41  		{
   42: 			name: 'Marat Ibragimov',
   43  			role: 'Production Assistant',
   44  			email: 'marat@supercontinental.co'

1 match in 1 file


Searching 18 files for "Marat Ibragimov" (case sensitive)

/Users/marakhov/Downloads/supercontinental-landing-page-main 2/hgtest/src/routes/+page.svelte:
   40  		},
   41  		{
   42: 			name: 'Marat Ibragimov test',
   43  			role: 'Production Assistant test',
   44  			email: 'marat@supercontinental.co'

1 match in 1 file
